1 388617 1
1 1750356 1
1 661685 1
1 2006783 1
1 309055 1
1 568691 4
1 661710 1
1 742124 1
1 1248882 1
1 309060 1
1 1404883 1
1 231 1
1 635863 1
1 4722770 1
1 665743 1
1 661720 1
1 670 1
1 2163277 1
1 309058 1
1 3860034 1
1 1339918 1
1 661703 1
1 4961289 1
1 3231744 1
1 4737653 1
1 4846899 1
1 250 1
1 844 1
1 541 1
1 659 1
1 1963341 1
1 4242877 1
1 1382600 1
1 1784624 1
1 309057 1
1 4348613 1
1 1116302 2
1 4764829 1
1 1686344 1
2 951 3
2 4608775 3
2 1484841 0
2 4454302 4
2 5359657 1
2 5649887 1
2 4587230 4
2 2065775 4
2 1803932 4
2 1253099 4
2 6148838 2
2 6144624 2
2 1254331 1
2 930 4
2 530 1
2 3757800 4
2 5305798 1
2 480683 1
2 5358911 1
2 947 3
2 4903789 1
2 5236829 4
2 5358938 1
2 6158597 1
2 3878319 1
2 1102290 1
2 564233 1
2 5359845 0
2 927 5
2 1893710 2
2 927 5
2 886095 1
2 941 3
2 3150652 2
2 815418 1
2 940 0
3 491314 4
3 1412 1
3 2596359 2
3 2270959 4
3 1248882 1
3 491316 4
3 3988124 4
3 664615 4
3 584321 3
3 4304989 2
3 491299 4
3 3984564 3
3 471 1
3 665278 4
3 1270293 1
3 664616 5
3 664614 2
3 3979417 3
3 1807338 1
3 472 1
3 3988101 4
3 486830 4
3 4592280 2
3 664604 1
3 664603 1
3 3987819 3
3 1439 1
3 484521 2
3 3988125 2
3 4553797 1
3 1392845 1
4 668 4
4 490 4
4 787 4
4 660 4
4 620717 1
4 1867534 1
4 3390851 1
4 230 4
4 664892 3
4 486567 1
4 36 3
4 576 4
4 776 4
4 664837 3
5 932878 1
5 1914472 2
5 4483884 4
5 486016 1
5 2893536 1
5 55 1
5 1773839 1
5 231 1
5 6107814 3
5 4026363 4
5 4582443 4
5 1824103 1
5 3897602 1
5 435149 1
5 1823945 1
5 438539 1
5 1593251 1
5 4392429 4
5 35137 1
5 4689534 0
5 1770684 1
5 42 1
5 4392225 2
5 844 1
5 813131 1
5 665691 1
5 1796207 1
5 855131 1
5 4214778 4
5 1158475 3
5 815333 1
5 1988430 2
6 84832 1
6 4128397 0
6 1248882 1
6 1082786 2
6 688 1
6 1446997 1
6 4020306 2
6 4696717 2
6 386346 2
6 1284538 1
6 3123369 1
6 1559939 1
6 1155915 1
6 4159870 1
6 491961 1
6 481160 1
6 4032469 3
6 3913778 3
6 663 1
6 1387591 1
6 1298621 1
6 681 1
6 5023914 0
6 574955 2
6 802 1
6 870541 1
6 1382600 1
6 621781 2
6 4132274 1
6 1472092 2
6 1881689 2
7 4654567 1
7 4001852 5
7 665655 4
7 665689 3
7 4844873 1
7 962345 3
7 2006783 1
7 2528806 3
7 1248882 2
7 665474 4
7 666360 4
7 3996171 1
7 4955573 3
7 659149 1
7 2759741 4
7 1775494 1
7 1781876 3
7 665474 4
7 665451 4
7 1563 1
7 489077 5
7 665656 4
7 666563 5
7 3898020 1
7 665485 4
7 2835090 3
7 665470 4
7 4003161 3
7 991555 3
7 566 0
7 665667 3
8 2371698 4
8 2687901 1
8 1365014 1
8 4365616 2
8 1610284 1
8 4362740 2
8 5279141 1
8 1737526 1
8 3544967 1
8 2490852 0
8 1062279 0
8 5481400 1
8 5404187 2
8 5105198 1
8 4366094 2
8 2779148 2
8 4179184 2
8 1840353 0
8 5416987 4
8 2795801 0
8 1298621 1
8 6012840 1
8 1845146 1
8 6017624 2
8 1843093 2
8 1134351 5
8 643554 1
9 2781465 4
9 4512747 0
9 5184228 2
9 4866237 5
9 4280209 1
9 4213517 4
9 5898779 0
9 4317977 3
9 2547637 1
9 4315541 1
9 5243869 1
9 5528529 1
9 4869151 4
9 4320972 1
9 2771389 4
9 2985281 1
9 1584432 1
9 4073248 1
9 937850 4
9 5741972 4
9 843 1
9 4850338 1
9 6102727 1
9 4328506 1
9 361935 1
9 2284665 4
9 1151732 3
9 5845125 4
9 4646469 3
9 5863269 4
9 985771 1
9 4486730 1
9 5782027 0
9 5660367 4
9 4281737 0
9 449625 1
10 1742972 2
10 663667 0
10 480998 1
10 1559939 1
10 3879683 1
10 485786 4
10 5583092 1
10 5896829 2
10 6126274 2
10 4309854 2
10 505818 1
10 1051 1
10 2583446 2
10 1994659 1
10 5827049 1
10 1270293 1
10 480152 1
10 5838916 5
10 5880608 4
10 5553251 1
10 1 1
10 5927075 1
10 4096949 2
10 2385483 1
10 937484 5
10 1989004 1
10 4662026 1
10 2022362 1
10 484875 1
10 5382371 5
11 4626217 1
11 2022362 1
11 4349684 1
11 4350390 1
11 4350900 3
11 4348496 1
11 4978505 1
11 3998130 4
11 3765819 4
11 4662026 1
11 855131 1
11 4349342 1
11 1994659 1
11 3765782 4
11 1912796 2
11 4349047 1
11 250 5
11 665132 5
11 3998096 4
11 665133 5
11 184123 1
11 4349515 1
11 4349616 1
11 1989004 1
11 3765789 4
11 4837832 4
11 6104184 1
11 4348372 1
11 4348388 1
11 815333 1
11 4347663 1
12 5630642 1
12 2006783 1
12 4618392 1
12 1248882 1
12 5578717 2
12 1575778 5
12 753945 3
12 4983131 1
12 904458 1
12 1332025 1
12 5562508 0
12 641255 5
12 5564158 2
12 1102824 2
12 6105081 0
12 1043149 2
12 4218022 1
12 861173 1
12 5586958 3
12 5511839 1
12 4521205 5
12 1018249 1
12 4372707 1
12 1461795 1
12 1204616 3
12 1741969 1
12 4084789 1
12 511799 1
12 1103035 4
13 4759528 1
13 507 3
13 820 1
13 524 1
13 2289360 1
13 4295494 1
13 2022587 5
13 4294214 1
13 1824181 2
13 1372393 0
13 3057821 1
13 1824203 2
13 1824414 2
13 4949557 2
13 1135346 2
13 4517076 1
13 855 2
13 1824264 2
13 666522 1
13 904458 1
13 4093600 1
13 1860198 2
13 1797039 2
13 645955 1
13 664559 1
13 1298621 1
13 4905494 1
13 1824045 2
13 82 1
13 802 1
13 3890766 1
13 1822282 0
13 819 1
13 1824111 2
13 3162555 1
13 4115938 1
14 4157725 4
14 661611 2
14 1796921 4
14 1831926 4
14 4294317 2
14 481662 0
14 307 4
14 5103542 4
14 3890766 1
14 1676887 3
14 5716504 3
14 642 1
14 481674 0
14 1939610 3
14 1797011 4
14 650 1
14 831 1
14 1859080 3
14 4834193 4
14 4157775 4
14 1860291 4
14 2318645 2
14 4834210 4
14 481576 0
14 1309912 2
14 4697638 4
14 1411222 1
14 1824146 4
14 947433 1
14 651 1
15 4990963 4
15 1021618 2
15 4431708 2
15 950313 1
15 4424957 2
15 3966554 1
15 5312180 2
15 147359 2
15 4278067 2
15 2108262 2
15 5198785 2
15 955 3
15 598447 1
15 1994659 1
15 4515637 1
15 3893778 1
15 1750007 3
15 2000069 4
15 4233921 1
15 1767128 3
15 1763049 1
15 754210 1
15 4328672 4
15 92892 2
15 1410073 1
15 1548323 1
15 4950125 1
15 1693514 1
15 815333 1
15 4278182 3
16 2206466 2
16 49957 1
16 4387775 2
16 4236036 1
16 2210803 4
16 3543707 1
16 4028670 2
16 584321 1
16 2210957 4
16 5171801 4
16 3198333 4
16 598447 1
16 2762092 4
16 6038242 2
16 1636811 1
16 4646809 1
16 2264228 2
16 375056 1
16 380934 1
16 1947900 3
16 4885353 2
16 2781088 3
16 3595532 0
16 659 1
16 2738658 2
16 4625857 3
16 375059 1
16 3260248 3
16 1649933 1
16 815333 1
17 499 3
17 946525 1
17 2723815 3
17 4911398 2
17 4957178 2
17 3979112 1
17 664787 3
17 584321 1
17 4293147 2
17 2054026 2
17 3891005 2
17 4738086 2
17 4178841 2
17 2348431 2
17 2909736 2
17 665518 3
17 5620347 2
17 825 3
17 2552027 2
17 463 3
17 1153014 0
17 4839918 2
17 3402322 4
17 5057114 3
17 3640350 2
17 43 2
17 664747 4
17 1649933 1
17 661835 2
18 1202632 1
18 4478124 2
18 4624855 4
18 729521 4
18 511 1
18 4728226 1
18 1546677 1
18 1671316 1
18 4327111 1
18 4187137 1
18 4956228 4
18 3181232 1
18 480416 1
18 598447 1
18 509 1
18 664520 1
18 4970989 1
18 693 1
18 4625542 4
18 660 1
18 4543359 1
18 275 1
18 1745623 1
18 4088878 3
18 1336224 1
18 1298621 1
18 1676211 1
18 2527214 1
18 4723550 2
18 4076200 1
18 1526447 1
18 4956751 2
18 2682314 1
18 5765725 3
19 5434797 2
19 5786927 2
19 132031 1
19 662635 1
19 2682474 1
19 511 1
19 1248882 1
19 1029734 1
19 3368957 5
19 5710897 1
19 3218203 2
19 509 1
19 528 1
19 4956378 5
19 115 1
19 3005221 2
19 904458 1
19 1993907 1
19 1020822 1
19 4300691 2
19 1298621 1
19 3543724 1
19 5574065 2
19 4956443 4
19 4918406 1
19 106 1
19 1464396 1
19 3698427 1
19 2073334 1
20 4866188 1
20 4882431 1
20 6034635 1
20 3106401 1
20 4274495 0
20 4187146 1
20 5489213 3
20 5773188 1
20 3913973 1
20 1069954 1
20 2642209 3
20 685 2
20 3744687 2
20 545 3
20 1249317 2
20 4476747 3
20 5805500 1
20 5468260 0
20 4476729 4
20 4805778 1
20 1422534 1
20 1309857 2
20 2806479 1
20 1298621 1
20 3744685 4
20 1197567 2
20 1408775 1
20 1382600 1
20 4785586 2
20 1649933 1
20 3763396 1
20 508649 1
21 4348979 5
21 1219660 0
21 2048133 2
21 1553336 5
21 2668383 2
21 41686 1
21 4543762 2
21 2120632 4
21 3215828 2
21 1221090 2
21 5793191 5
21 6069929 5
21 2357514 4
21 4801810 1
21 5597000 2
21 777664 1
21 5511150 5
21 861173 1
21 5559305 3
21 3396907 4
21 2319878 4
21 5698477 0
21 1498183 1
21 4345118 1
21 4348388 2
21 1810056 1
21 2002155 4
22 31759 1
22 1766891 5
22 5092331 2
22 478 1
22 6105591 1
22 48038 1
22 338467 1
22 3350591 2
22 5927077 1
22 2268783 4
22 634365 1
22 4847219 5
22 2367496 3
22 2672145 5
22 598447 1
22 6107685 1
22 5990300 3
22 454492 1
22 3979258 3
22 2268777 5
22 1339918 1
22 4486964 4
22 161936 1
22 4019565 3
22 1298621 1
22 4648823 3
22 5273911 4
22 2022362 1
22 6103879 1
22 4316685 1
23 794770 0
23 4703365 1
23 2097221 3
23 2059487 5
23 5606822 5
23 4626794 4
23 2404638 1
23 4917688 0
23 2562396 3
23 1994659 1
23 5886933 4
23 6107685 0
23 1118478 3
23 717 1
23 3128126 1
23 3763392 1
23 4978801 3
23 1799641 1
23 1989004 1
23 3130020 3
23 1747743 1
23 6103879 0
23 4072106 0
23 1795706 1
23 2409598 1
24 3272484 2
24 1760533 1
24 4317972 1
24 1050360 1
24 2328753 1
24 294798 1
24 1176436 1
24 1794973 1
24 504821 1
24 425364 1
24 369850 1
24 577272 1
24 603532 1
24 6043231 2
24 2051724 1
24 174209 1
24 1070624 2
24 1266624 2
24 1799113 1
24 2488010 2
24 263484 1
24 3980748 1
24 4594116 1
24 3893586 1
24 482321 1
24 1758918 1
24 815333 1
24 3282287 1
25 2106487 3
25 4347633 3
25 1248882 1
25 445591 3
25 3101421 0
25 5531802 0
25 4388247 1
25 4246414 0
25 1895039 3
25 1766005 1
25 1766908 1
25 5520630 0
25 1191524 1
25 4348286 1
25 6019764 0
25 2290360 0
25 4242882 2
25 445613 3
25 2332151 0
25 480258 1
25 3996008 1
25 5698477 0
25 481732 1
25 2581565 1
25 1392845 3
25 2782286 0
25 4646662 3
26 932878 1
26 2969636 1
26 510719 2
26 5396052 1
26 1703308 3
26 3188463 4
26 4752442 1
26 2965351 0
26 855131 1
26 1883844 1
26 1389495 1
26 1910753 2
26 3403102 3
26 487181 0
26 3905579 1
26 5343484 0
26 2973972 1
26 904458 1
26 2286150 2
26 4293738 1
26 6103211 3
26 888062 3
26 1255477 3
26 1863709 2
26 1040913 1
26 2433658 2
26 2404721 2
26 4837908 1
26 2003483 1
27 2076690 1
27 2107441 1
27 4738917 2
27 2049133 1
27 6085245 3
27 69607 1
27 4440889 1
27 69518 1
27 3052038 5
27 5588163 3
27 5836281 0
27 2062152 1
27 1994659 1
27 69550 1
27 2899454 1
27 4441295 5
27 4506768 5
27 3049913 5
27 2105607 1
27 2864920 5
27 481106 0
27 4135122 0
27 1989004 1
27 704645 1
27 2181643 5
27 4723841 1
27 3164693 5
27 2242862 5
27 2022362 1
27 815333 1
27 2342092 1
28 2409699 3
28 814289 3
28 1244502 3
28 4916638 5
28 5938839 5
28 120604 5
28 4916687 5
28 1989259 1
28 67725 5
28 1156964 5
28 1280561 2
28 3178447 1
28 1994659 1
28 1835252 5
28 4917659 5
28 4916689 5
28 2234237 5
28 2923982 2
28 4916582 5
28 3306325 2
28 1989004 1
28 704645 1
28 4916648 5
28 444660 1
28 1024700 0
28 1765177 3
28 2022362 1
28 5941304 5
28 815333 1
29 2409699 3
29 2963427 5
29 2164692 1
29 2122853 1
29 3178447 1
29 2342248 1
29 5788356 0
29 1156964 3
29 1330108 1
29 1994659 1
29 1835252 3
29 1301203 4
29 147712 3
29 5650728 0
29 5744114 3
29 1032703 3
29 4916716 3
29 3028387 4
29 1989004 1
29 704645 1
29 2022362 1
29 1765177 3
29 2377066 0
29 815333 1
29 380939 1
30 6081288 1
30 1346070 1
30 4288868 0
30 3151781 1
30 1489486 1
30 1248882 1
30 5556910 1
30 5549790 1
30 641188 1
30 1705860 1
30 3854232 1
30 6086848 1
30 736555 2
30 4250186 1
30 2110145 0
30 852909 1
30 4372402 1
30 331115 1
30 480124 1
30 1989004 1
30 1056853 1
30 5840222 1
30 704645 1
30 937356 1
30 2022362 1
30 4886150 1
30 4850274 1
30 1109522 1
30 4309942 1
30 664891 0
30 4320915 1
30 2593376 1
